Time: 1454504682.921031963
Odometry: -4.21839 -3.69559 0.955 0 -0 2.11513
GPS: 1454504682.677756915 6.96038 47.4405 0
