Time: 1454504624.905127185
Odometry: -3.67319e-10 1.22883e-07 0.955 0 -0 3.26173e-08
GPS: 1454504624.800095987 6.96038 47.4405 0
